[gd_scene load_steps=16 format=3 uid="uid://c38oj2n6qbcch"]

[ext_resource type="Script" uid="uid://ct027umjascqy" path="res://Scenes/Levels/world_park_practice.gd" id="1_f1my7"]
[ext_resource type="Texture2D" uid="uid://78pehu0r5g6w" path="res://Assets/textures/grids/Dark/texture_04.png" id="1_tm05i"]
[ext_resource type="Texture2D" uid="uid://c6tbgl2cypvn5" path="res://Assets/textures/grids/Purple/texture_04.png" id="2_dexeq"]
[ext_resource type="Texture2D" uid="uid://ct6ufttqsgq22" path="res://Assets/textures/grids/Orange/texture_04.png" id="3_yvsmj"]
[ext_resource type="Texture2D" uid="uid://c7ks4lubwjoy3" path="res://Assets/textures/grids/Green/texture_04.png" id="4_hay4s"]
[ext_resource type="PackedScene" uid="uid://sn1i8p8ggbwl" path="res://Scenes/NPCS/fighter_practice.tscn" id="5_yvsmj"]
[ext_resource type="PackedScene" uid="uid://c3mr3orx2w8q6" path="res://Scenes/Player/player.tscn" id="7_1a1k7"]
[ext_resource type="PackedScene" uid="uid://c77y1ke4fhlki" path="res://Scenes/GameWide/fight_cam_2d.tscn" id="7_hay4s"]

[sub_resource type="ProceduralSkyMaterial" id="ProceduralSkyMaterial_yvsmj"]
sky_horizon_color = Color(0.662243, 0.671743, 0.686743, 1)
ground_horizon_color = Color(0.662243, 0.671743, 0.686743, 1)

[sub_resource type="Sky" id="Sky_hay4s"]
sky_material = SubResource("ProceduralSkyMaterial_yvsmj")

[sub_resource type="Environment" id="Environment_eb7qw"]
background_mode = 2
sky = SubResource("Sky_hay4s")
tonemap_mode = 2
glow_enabled = true

[sub_resource type="StandardMaterial3D" id="StandardMaterial3D_eb7qw"]
albedo_texture = ExtResource("1_tm05i")
uv1_triplanar = true

[sub_resource type="StandardMaterial3D" id="StandardMaterial3D_amjer"]
albedo_texture = ExtResource("2_dexeq")
uv1_triplanar = true

[sub_resource type="StandardMaterial3D" id="StandardMaterial3D_prhq4"]
albedo_texture = ExtResource("3_yvsmj")

[sub_resource type="StandardMaterial3D" id="StandardMaterial3D_ibogx"]
albedo_texture = ExtResource("4_hay4s")
uv1_triplanar = true

[node name="world-park-practice" type="Node3D"]
script = ExtResource("1_f1my7")

[node name="Fight_Cam-2D" parent="." node_paths=PackedStringArray("player_ref", "opponent_ref", "player_anchor", "opponent_anchor") instance=ExtResource("7_hay4s")]
transform = Transform3D(-0.00169338, 0, 0.999999, 0, 1, 0, -0.999999, 0, -0.00169338, 2.62639, 1.26331, -0.568857)
h_offset = 0.3
player_ref = NodePath("../Player")
opponent_ref = NodePath("../Temp_Enemy")
player_anchor = NodePath("../Player/Visuals/bluebot-root/main/Skeleton3D/BA_Torso_mixamorig_Spine2")
opponent_anchor = NodePath("../Temp_Enemy")
min_distance = 2.0
max_distance = 60.0
vertical_offset = 0.5
horizontal_offset = 0.0
keep_player_on_left = true

[node name="DirectionalLight3D" type="DirectionalLight3D" parent="."]
transform = Transform3D(-0.866023, -0.433016, 0.250001, 0, 0.499998, 0.866027, -0.500003, 0.749999, -0.43301, 0, 0, 0)
shadow_enabled = true

[node name="WorldEnvironment" type="WorldEnvironment" parent="."]
environment = SubResource("Environment_eb7qw")

[node name="Floor" type="CSGBox3D" parent="."]
transform = Transform3D(1, 0, 0, 0, 1, 0, 0, 0, 1, 0, -0.502172, 0)
material_override = SubResource("StandardMaterial3D_eb7qw")
use_collision = true
size = Vector3(20, 1, 20)

[node name="purple_box" type="CSGBox3D" parent="."]
transform = Transform3D(0.776311, 0, -0.630351, 0, 1, 0, 0.630351, 0, 0.776311, -6.90892, 0.400064, 1.85233)
material_override = SubResource("StandardMaterial3D_amjer")
use_collision = true

[node name="Ornage_box" type="CSGBox3D" parent="."]
transform = Transform3D(-0.35682, 0, 0.934173, 0, 1, 0, -0.934173, 0, -0.35682, -5.24364, 0.958675, -3.02395)
material_override = SubResource("StandardMaterial3D_prhq4")
use_collision = true
size = Vector3(2, 2, 2)

[node name="Green_box" type="CSGBox3D" parent="."]
transform = Transform3D(0.86431, 0, 0.50296, 0, 1, 0, -0.50296, 0, 0.86431, -6.60778, 0.723854, 4.76955)
material_override = SubResource("StandardMaterial3D_ibogx")
use_collision = true
size = Vector3(2, 2, 2)

[node name="Temp_Enemy" parent="." instance=ExtResource("5_yvsmj")]
transform = Transform3D(-0.999772, 0, 0.0213613, 0, 1, 0, -0.0213613, 0, -0.999772, -0.632743, -0.00217247, -2.36012)
player_path = NodePath("../Player")

[node name="Combatant" parent="Temp_Enemy" index="5"]
if_player = false

[node name="Brain" parent="Temp_Enemy" index="6"]
target_path = NodePath("../../Player")
combatant_path = NodePath("../Combatant")
anim_player_path = NodePath("../AnimationLibrary_Godot/AnimationPlayer")
hitbox_path = NodePath("../AnimationLibrary_Godot/Rig/Skeleton3D/BA_HIT_DEF-hand_L/HitBox_leftHand")
attack_anim = &"Punch_Jab"

[node name="PlayerSpawn" type="Marker3D" parent="."]
transform = Transform3D(-0.173236, 0, 0.98488, 0, 1, 0, -0.98488, 0, -0.173236, 5.04208, 1.26331, 0.672947)

[node name="Player" parent="." node_paths=PackedStringArray("player_combat_cam") instance=ExtResource("7_1a1k7")]
transform = Transform3D(1, 0, 0, 0, 1, 0, 0, 0, 1, -0.709392, -0.00013489, 3.50544)
start_in_practice = true
use_internal_cam = false
player_combat_cam = NodePath("../Fight_Cam-2D")

[node name="Skeleton3D" parent="Player/Visuals/bluebot-root/main" index="0"]
bones/0/position = Vector3(0.0274504, -0.285346, -88.8062)
bones/0/rotation = Quaternion(-0.577691, -0.360806, 0.381261, 0.625086)
bones/1/position = Vector3(0.000859786, 9.92346, -1.22733)
bones/1/rotation = Quaternion(-0.0128955, 0.0200933, -0.00221994, 0.999713)
bones/2/position = Vector3(-1.13096e-09, 11.732, 1.20875e-06)
bones/2/rotation = Quaternion(0.0611017, 0.0219595, 0.0168233, 0.997748)
bones/3/position = Vector3(-4.47471e-10, 13.4588, 9.85582e-07)
bones/3/rotation = Quaternion(0.117506, 0.0257178, 0.0156998, 0.992615)
bones/4/position = Vector3(2.54808e-05, 15.0277, 0.877905)
bones/4/rotation = Quaternion(0.0344502, 0.0940575, -0.033087, 0.99442)
bones/5/position = Vector3(2.55988e-06, 10.3218, 3.14243)
bones/5/rotation = Quaternion(-0.0420877, 0.272446, -0.139681, 0.951047)
bones/7/position = Vector3(6.10582, 9.10625, 0.75706)
bones/7/rotation = Quaternion(-0.580074, -0.434507, 0.599885, -0.338903)
bones/8/position = Vector3(-5.92269e-06, 12.9223, 8.02662e-07)
bones/8/rotation = Quaternion(0.346953, -0.248536, 0.114707, 0.897048)
bones/9/position = Vector3(1.61622e-05, 27.4047, 2.08207e-05)
bones/9/rotation = Quaternion(4.11703e-07, -4.93329e-07, 0.777363, 0.629053)
bones/10/position = Vector3(-7.42888e-06, 27.6145, -3.14728e-06)
bones/10/rotation = Quaternion(-0.139529, 0.122678, 0.0348215, 0.981972)
bones/11/position = Vector3(-3.00297, 3.78882, 2.16716)
bones/11/rotation = Quaternion(0.238407, -0.0312323, 0.146474, 0.959548)
bones/12/position = Vector3(1.13845e-05, 4.74498, 3.15827e-05)
bones/12/rotation = Quaternion(0.038224, -0.158252, -0.299178, 0.940206)
bones/13/position = Vector3(-1.30534e-05, 4.38212, -3.00343e-05)
bones/13/rotation = Quaternion(-0.162594, -0.0797652, -0.542113, 0.820557)
bones/14/position = Vector3(-1.50606e-05, 3.45908, 2.94441e-06)
bones/15/position = Vector3(-2.82203, 12.2666, 0.231815)
bones/15/rotation = Quaternion(0.677141, 0.00809906, -0.0904318, 0.73023)
bones/16/position = Vector3(-4.9388e-06, 3.89197, -6.17237e-06)
bones/16/rotation = Quaternion(0.856279, -5.94286e-06, -0.103339, 0.50607)
bones/17/position = Vector3(-3.21551e-06, 3.41516, 1.03814e-05)
bones/17/rotation = Quaternion(0.803768, -5.39952e-07, -0.096999, 0.586983)
bones/18/position = Vector3(6.98142e-06, 3.07799, -5.4986e-07)
bones/19/position = Vector3(-1.10342e-05, 12.7755, -8.9587e-06)
bones/19/rotation = Quaternion(0.685248, -6.20438e-05, -0.0826312, 0.723607)
bones/20/position = Vector3(7.65439e-06, 3.61397, 3.49489e-06)
bones/20/rotation = Quaternion(0.82022, -5.88165e-07, -0.0989844, 0.563419)
bones/21/position = Vector3(3.23939e-05, 3.45976, 1.08337e-05)
bones/21/rotation = Quaternion(0.811665, -4.81917e-07, -0.0979519, 0.575852)
bones/22/position = Vector3(-4.11594e-05, 3.68019, -3.54983e-06)
bones/23/position = Vector3(2.21663, 12.147, -0.0100064)
bones/23/rotation = Quaternion(0.703304, -0.0229844, -0.0616452, 0.707838)
bones/24/position = Vector3(-3.78314e-06, 3.60118, -6.04798e-06)
bones/24/rotation = Quaternion(0.802776, -7.19047e-06, -0.0968841, 0.588357)
bones/25/position = Vector3(-4.78983e-06, 3.30731, 7.56347e-06)
bones/25/rotation = Quaternion(0.782718, -2.68908e-07, -0.0944587, 0.615167)
bones/26/position = Vector3(-2.24911e-05, 3.66012, 1.31701e-05)
bones/27/position = Vector3(4.72583, 10.9082, 0.226121)
bones/27/rotation = Quaternion(0.730274, -0.0397262, -0.05075, 0.680107)
bones/28/position = Vector3(-9.72363e-07, 4.13665, 1.31031e-05)
bones/28/rotation = Quaternion(0.760157, 0.0269302, -0.0687712, 0.645529)
bones/29/position = Vector3(1.47305e-05, 2.59483, -5.93965e-06)
bones/29/rotation = Quaternion(0.878657, 0.000202665, -0.105929, 0.465555)
bones/30/position = Vector3(-2.96654e-07, 2.92388, -1.88285e-06)
bones/31/position = Vector3(-6.1057, 9.10635, 0.757074)
bones/31/rotation = Quaternion(0.49299, -0.519752, 0.504657, 0.481809)
bones/32/position = Vector3(1.12306e-06, 12.9223, 6.32135e-07)
bones/32/rotation = Quaternion(0.457915, 0.0983667, -0.473373, 0.746027)
bones/33/position = Vector3(-1.58624e-06, 27.4047, -4.27129e-06)
bones/33/rotation = Quaternion(1.30989e-07, 1.94769e-07, -0.872671, 0.488309)
bones/34/position = Vector3(1.1967e-05, 27.6144, -1.16104e-06)
bones/34/rotation = Quaternion(0.0140962, 0.104641, -0.0202236, 0.994205)
bones/35/position = Vector3(3.00297, 3.7888, 2.16716)
bones/35/rotation = Quaternion(0.277115, 0.0735658, -0.132146, 0.948859)
bones/36/position = Vector3(7.09295e-06, 4.74495, -2.2766e-05)
bones/36/rotation = Quaternion(0.0140124, -0.0337885, 0.333484, 0.942046)
bones/37/position = Vector3(-1.3411e-05, 4.38215, 1.01845e-05)
bones/37/rotation = Quaternion(-0.0254675, 0.051125, 0.506459, 0.86037)
bones/38/position = Vector3(1.77098e-05, 3.45906, -3.08929e-05)
bones/39/position = Vector3(2.82204, 12.2666, 0.231837)
bones/39/rotation = Quaternion(0.675525, -0.0183578, 0.102087, 0.730005)
bones/40/position = Vector3(-2.59385e-06, 3.89197, 8.40122e-06)
bones/40/rotation = Quaternion(0.85616, 3.92475e-06, 0.10434, 0.506067)
bones/41/position = Vector3(-7.20068e-06, 3.41516, 1.17721e-06)
bones/41/rotation = Quaternion(0.803654, 5.86383e-07, 0.0979392, 0.586982)
bones/42/position = Vector3(4.87878e-06, 3.07799, 5.44689e-07)
bones/43/position = Vector3(1.08782e-05, 12.7755, 8.48466e-06)
bones/43/rotation = Quaternion(0.685249, 6.22244e-05, 0.0834438, 0.723513)
bones/44/position = Vector3(5.71663e-06, 3.61397, 4.06719e-06)
bones/44/rotation = Quaternion(0.820025, 6.97335e-07, 0.0999345, 0.563535)
bones/45/position = Vector3(-4.25158e-05, 3.45976, -3.44454e-06)
bones/45/rotation = Quaternion(0.811556, -3.94674e-05, 0.098845, 0.575852)
bones/46/position = Vector3(2.87003e-05, 3.68019, 5.79619e-06)
bones/47/position = Vector3(-2.21664, 12.147, -0.00998573)
bones/47/rotation = Quaternion(0.718202, 0.0331117, 0.0554044, 0.692835)
bones/48/position = Vector3(-3.51035e-06, 3.6012, -1.48965e-05)
bones/48/rotation = Quaternion(0.770496, 6.74714e-06, 0.0939035, 0.630491)
bones/49/position = Vector3(4.4472e-06, 3.30732, 1.72129e-05)
bones/49/rotation = Quaternion(0.782613, -3.8785e-05, 0.095324, 0.615167)
bones/50/position = Vector3(2.44067e-05, 3.66013, 7.35529e-06)
bones/51/position = Vector3(-4.72583, 10.9082, 0.226141)
bones/51/rotation = Quaternion(0.731379, 0.0658869, 0.0274034, 0.678227)
bones/52/position = Vector3(1.11106e-05, 4.13664, -9.64805e-07)
bones/52/rotation = Quaternion(0.757648, 8.4153e-06, 0.0923392, 0.646099)
bones/53/position = Vector3(9.22208e-07, 2.59485, -1.43568e-05)
bones/53/rotation = Quaternion(0.87853, -8.70336e-06, 0.107059, 0.465536)
bones/54/position = Vector3(6.77773e-06, 2.92387, 7.07444e-06)
bones/55/position = Vector3(9.12387, -6.6572, -0.0554031)
bones/55/rotation = Quaternion(0.176965, 0.293389, 0.91948, -0.192775)
bones/56/position = Vector3(-8.63573e-07, 40.5994, -7.20611e-08)
bones/56/rotation = Quaternion(-0.422881, 0.0477326, -0.0167874, 0.904771)
bones/57/position = Vector3(-4.32148e-07, 42.099, -4.07919e-07)
bones/57/rotation = Quaternion(0.636201, -0.0379359, -0.0510005, 0.768901)
bones/58/position = Vector3(1.14934e-06, 15.7216, 8.9407e-07)
bones/58/rotation = Quaternion(0.244586, -0.0324698, -0.015056, 0.968967)
bones/60/position = Vector3(-9.12503, -6.6556, -0.0553527)
bones/60/rotation = Quaternion(-0.108319, 0.23019, 0.956895, 0.140112)
bones/61/position = Vector3(3.28565e-07, 40.5995, 1.49012e-08)
bones/61/rotation = Quaternion(-0.43637, -0.0363745, -0.00341544, 0.899025)
bones/62/position = Vector3(2.71709e-07, 42.099, -1.01514e-07)
bones/62/rotation = Quaternion(0.713204, 0.025273, 0.0983766, 0.693558)
bones/63/position = Vector3(1.55898e-07, 15.7216, 3.8445e-06)
bones/63/rotation = Quaternion(0.204239, 0.032086, 0.0156683, 0.97827)

[node name="BA_Head_mixamorig_Head" parent="Player/Visuals/bluebot-root/main/Skeleton3D" index="2"]
transform = Transform3D(0.986063, -0.0858508, -0.142509, 0.162454, 0.312092, 0.936059, -0.0358856, -0.946165, 0.321689, -13.7917, 8.50316, -145.073)

[node name="BA_Torso_mixamorig_Spine2" parent="Player/Visuals/bluebot-root/main/Skeleton3D" index="3"]
transform = Transform3D(0.552129, -0.362138, -0.751006, 0.8308, 0.163155, 0.532119, -0.07017, -0.917734, 0.390947, -1.99152, 0.863058, -123.773)

[node name="BA_Hips_mixamorig_Hips" parent="Player/Visuals/bluebot-root/main/Skeleton3D" index="4"]
transform = Transform3D(0.448918, -0.059773, -0.891571, 0.89351, 0.0418266, 0.447091, 0.0105675, -0.997335, 0.0721845, 0.0274504, -0.285346, -88.8062)

[node name="BA_R_Hand_mixamorig_RightHand" parent="Player/Visuals/bluebot-root/main/Skeleton3D" index="5"]
transform = Transform3D(0.36563, 0.0165283, 0.930614, -0.707942, 0.654049, 0.266528, -0.604262, -0.756271, 0.250841, -29.1284, 9.74405, -127.304)

[node name="BA_R_Foot_mixamorig_" parent="Player/Visuals/bluebot-root/main/Skeleton3D" index="6"]
transform = Transform3D(-0.282138, -0.865379, -0.414147, -0.957987, 0.230924, 0.170104, -0.0515678, 0.44474, -0.894174, -5.74199, -28.6469, -10.6001)

[node name="BA_HIT_mixamorig_LeftHand" parent="Player/Visuals/bluebot-root/main/Skeleton3D" index="7"]
transform = Transform3D(0.363804, -0.544972, -0.755415, 0.679052, 0.710294, -0.185392, 0.637601, -0.44552, 0.628472, -2.4993, 44.6695, -112.412)

[node name="BA_HIT_mixamorig_RightFoot" parent="Player/Visuals/bluebot-root/main/Skeleton3D" index="8"]
transform = Transform3D(-0.282138, -0.865379, -0.414147, -0.957987, 0.230924, 0.170104, -0.0515678, 0.44474, -0.894174, -5.74199, -28.6469, -10.6001)

[editable path="Temp_Enemy"]
[editable path="Player"]
